   3.2120578e+00
   1.4953090e+00
  -5.8455520e-01
  -6.3748580e-01
   1.8062923e+00
   5.1038370e-01
   2.1421809e+00
   8.0952488e-01
  -7.4427096e-01
  -3.1252211e-01
  -1.4528380e+00
   1.6391396e+00
  -2.7970393e+00
   5.2735288e+00
  -2.0571142e+00
  -1.0373309e+00
  -1.9227875e+00
  -2.4364229e+00
  -3.7424560e+00
   2.0919333e+00
   4.9713642e+00
   1.5461143e+00
  -6.5891490e+00
   2.7581237e+00
   2.3232654e+00
   7.8087065e-01
   1.0372941e+00
   4.9103777e+00
   6.7917045e+00
   1.4107376e+00
  -6.8519994e+00
   2.8070569e-01
   1.9936614e+00
   5.3125834e-01
   3.4437386e+00
   5.0686392e+00
   2.7043560e+00
   1.7041503e+01
  -1.0992181e+00
   1.2857169e+00
   2.6889076e+00
