   2.4190449e+00
  -1.6920115e+00
  -1.1657871e+00
   2.9787331e-01
  -1.1814662e+00
  -1.4447271e+00
  -2.2563499e-01
   4.5922035e-01
   1.5885184e+00
  -1.9635726e+00
  -5.1811122e-01
  -1.3740195e+00
   1.5142627e+00
  -1.3274625e+00
   2.0614070e+00
  -1.3607539e+00
  -7.1303645e-01
  -1.7774748e+00
  -5.8752096e-01
   1.9142847e+00
  -3.7553256e+00
  -3.4119148e+00
   6.8209023e-01
   9.5209362e-01
   2.7826570e+00
   3.7373468e-01
   1.1867129e+00
  -8.3924697e-01
  -3.7666760e+00
   3.0217775e+00
   1.5793350e+00
